23 2021 04
23 2021 03
23 2021 02
23 2021 01
23 2020 12
23 2020 11
23 2020 10
23 2020 09
23 2020 08
23 2020 07
23 2020 06
23 2020 05
23 2020 04
23 2020 03
23 2020 02
23 2020 01
23 2019 12
23 2019 11
23 2019 10
23 2019 09
23 2019 08
23 2019 07
23 2019 06
23 2019 05
23 2019 04
23 2019 03
23 2019 02
23 2019 01
23 2018 12
23 2018 11
23 2018 10
23 2018 09
23 2018 08
23 2018 07
23 2018 06
23 2018 05
23 2018 04
23 2018 03
23 2018 02
23 2018 01
23 2017 12
23 2017 11
23 2017 10
23 2017 09
23 2017 08
23 2017 07
23 2017 06
23 2017 05
23 2017 04
23 2017 03
23 2017 02
23 2017 01
23 2016 12
23 2016 11
23 2016 10
23 2016 09
23 2016 08
23 2016 07
23 2016 06
23 2016 05
23 2016 04
23 2016 03
23 2016 02
23 2016 01
23 2015 12
23 2015 11
23 2015 10
23 2015 09
23 2015 08
