0000361100 2021 04
0000361100 2021 03
0000361100 2021 02
0000361100 2021 01
0000361100 2020 12
0000361100 2020 11
0000361100 2020 10
0000361100 2020 09
0000361100 2020 08
0000361100 2020 07
0000361100 2020 06
0000361100 2020 05
0000361100 2020 04
0000361100 2020 03
0000361100 2020 02
0000361100 2020 01
0000361100 2019 12
0000361100 2019 11
0000361100 2019 10
0000361100 2019 09
0000361100 2019 08
0000361100 2019 07
0000361100 2019 06
0000361100 2019 05
0000361100 2019 04
0000361100 2019 03
0000361100 2019 02
0000361100 2019 01
0000361100 2018 12
0000361100 2018 11
0000361100 2018 10
0000361100 2018 09
0000361100 2018 08
0000361100 2018 07
0000361100 2018 06
0000361100 2018 05
0000361100 2018 04
0000361100 2018 03
0000361100 2018 02
0000361100 2018 01
0000361100 2017 12
0000361100 2017 11
0000361100 2017 10
0000361100 2017 09
0000361100 2017 08
0000361100 2017 07
0000361100 2017 06
0000361100 2017 05
0000361100 2017 04
0000361100 2017 03
0000361100 2017 02
0000361100 2017 01
0000361100 2016 12
0000361100 2016 11
0000361100 2016 10
0000361100 2016 09
0000361100 2016 08
0000361100 2016 07
0000361100 2016 06
0000361100 2016 05
0000361100 2016 04
0000361100 2016 03
0000361100 2016 02
0000361100 2016 01
0000361100 2015 12
0000361100 2015 11
0000361100 2015 10
