68024 2021 04
68024 2021 03
68024 2021 02
68024 2021 01
68024 2020 12
68024 2020 11
68024 2020 10
68024 2020 09
68024 2020 08
68024 2020 07
68024 2020 06
68024 2020 05
68024 2020 04
68024 2020 03
68024 2020 02
68024 2020 01
68024 2019 12
68024 2019 11
68024 2019 10
68024 2019 09
68024 2019 08
68024 2019 07
68024 2019 06
68024 2019 05
68024 2019 04
68024 2019 03
68024 2019 02
68024 2019 01
68024 2018 12
68024 2018 11
68024 2018 10
68024 2018 09
68024 2018 08
68024 2018 07
68024 2018 06
68024 2018 05
68024 2018 04
68024 2018 03
68024 2018 02
68024 2018 01
68024 2017 12
68024 2017 11
68024 2017 10
68024 2017 09
68024 2017 08
68024 2017 07
68024 2017 06
68024 2017 05
68024 2017 04
68024 2017 03
68024 2017 02
68024 2017 01
68024 2016 12
68024 2016 11
68024 2016 10
68024 2016 09
68024 2016 08
68024 2016 07
68024 2016 06
68024 2016 05
68024 2016 04
68024 2016 03
68024 2016 02
68024 2016 01
68024 2015 12
68024 2015 11
68024 2015 10
68024 2015 09
68024 2015 08
68024 2015 07
68024 2015 06
68024 2015 05
68024 2015 04
68024 2015 03
68024 2015 02
68024 2015 01
68024 2014 12
68024 2014 11
68024 2014 10
68024 2014 09
68024 2014 08
68024 2014 07
68024 2014 06
68024 2014 05
68024 2014 04
68024 2014 03
68024 2014 02
