47014 2018 10
47014 2017 06
47014 2017 05
47014 2017 04
47014 2017 03
47014 2017 02
47014 2017 01
47014 2016 12
47014 2016 11
47014 2016 10
47014 2016 09
47014 2016 08
47014 2016 07
47014 2016 06
47014 2016 05
47014 2016 04
47014 2016 03
47014 2016 02
47014 2016 01
47014 2015 12
47014 2015 11
47014 2015 10
47014 2015 09
47014 2015 08
47014 2015 07
47014 2015 06
47014 2015 05
47014 2015 04
47014 2015 03
47014 2015 02
47014 2015 01
47014 2014 12
47014 2014 11
47014 2014 10
47014 2014 09
47014 2014 08
47014 2014 07
47014 2014 06
47014 2014 05
47014 2014 04
47014 2014 03
47014 2014 02
47014 2014 01
47014 2013 12
47014 2013 11
47014 2013 10
47014 2013 09
47014 2013 08
47014 2013 07
47014 2013 06
47014 2013 05
47014 2013 04
47014 2013 03
47014 2013 02
47014 2013 01
47014 2012 12
47014 2012 11
47014 2012 10
47014 2012 09
47014 2012 08
47014 2012 07
47014 2012 06
47014 2012 05
47014 2012 04
47014 2012 03
47014 2012 02
47014 2012 01
47014 2011 12
47014 2011 11
47014 2011 10
47014 2011 09
47014 2011 08
47014 2011 07
47014 2011 06
