46943 2021 04
46943 2021 03
46943 2021 02
46943 2021 01
46943 2020 12
46943 2020 11
46943 2020 10
46943 2020 09
46943 2020 08
46943 2020 07
46943 2020 06
46943 2020 05
46943 2020 04
46943 2020 03
46943 2020 02
46943 2020 01
46943 2019 12
46943 2019 11
46943 2019 10
46943 2019 09
46943 2019 08
46943 2019 07
46943 2019 06
46943 2019 05
46943 2019 04
46943 2019 03
46943 2019 02
46943 2019 01
46943 2018 12
46943 2018 11
46943 2018 10
46943 2018 09
46943 2018 08
46943 2018 07
46943 2018 06
46943 2018 05
46943 2018 04
46943 2018 03
46943 2018 02
46943 2018 01
46943 2017 12
46943 2017 11
46943 2017 10
46943 2017 09
46943 2017 08
46943 2017 07
46943 2017 06
46943 2017 05
46943 2017 04
46943 2017 03
46943 2017 02
46943 2017 01
46943 2016 12
46943 2016 11
46943 2016 10
46943 2016 09
46943 2016 08
46943 2016 07
46943 2016 06
46943 2016 05
46943 2016 04
46943 2016 03
46943 2016 02
46943 2016 01
46943 2015 12
46943 2015 11
46943 2015 10
46943 2015 09
46943 2015 08
46943 2015 07
46943 2015 06
46943 2015 05
46943 2015 04