58557 2021 04
58557 2021 03
58557 2021 02
58557 2021 01
58557 2020 12
58557 2020 11
58557 2020 10
58557 2020 09
58557 2020 08
58557 2020 07
58557 2020 06
58557 2020 05
58557 2020 04
58557 2020 03
58557 2020 02
58557 2020 01
58557 2019 12
58557 2019 11
58557 2019 10
58557 2019 09
58557 2019 08
58557 2019 07
58557 2019 06
58557 2019 05
58557 2019 04
58557 2019 03
58557 2019 02
58557 2019 01
58557 2018 12
58557 2018 11
58557 2018 10
58557 2018 09
58557 2018 08
58557 2018 07
58557 2018 06
58557 2018 05
58557 2018 04
58557 2018 03
58557 2018 02
58557 2018 01
58557 2017 12
58557 2017 11
58557 2017 10
58557 2017 09
58557 2017 08
58557 2017 07
58557 2017 06
58557 2017 05
58557 2017 04
58557 2017 03
58557 2017 02
58557 2017 01
58557 2016 12
58557 2016 11
58557 2016 10
58557 2016 09
58557 2016 08
58557 2016 07
58557 2016 06
58557 2016 05
58557 2016 04
58557 2016 03
58557 2016 02
58557 2016 01
58557 2015 12
58557 2015 11
58557 2015 10
58557 2015 09
58557 2015 08
58557 2015 07
58557 2015 06
58557 2015 05
58557 2015 04
58557 2015 03
58557 2015 02
58557 2015 01
58557 2014 12
58557 2014 11
58557 2014 10
58557 2014 09
58557 2014 08
58557 2014 07
58557 2013 01
