103 2021 04
103 2021 03
103 2021 02
103 2021 01
103 2020 12
103 2020 11
103 2020 10
103 2020 09
103 2020 08
103 2020 07
103 2020 06
103 2020 05
103 2020 04
103 2020 03
103 2020 02
103 2020 01
103 2019 12
103 2019 11
103 2019 10
103 2019 09
103 2019 08
103 2019 07
103 2019 06
103 2019 05
103 2019 04
103 2019 03
103 2019 02
103 2019 01
103 2018 12
103 2018 11
103 2018 10
103 2018 09
103 2018 08
103 2018 07
103 2018 06
103 2018 05
103 2018 04
103 2018 03
103 2018 02
103 2018 01
103 2017 12
103 2017 11
103 2017 10
103 2017 09
103 2017 08
103 2017 07
103 2017 06
103 2017 05
103 2017 04
103 2017 03
103 2017 02
103 2017 01
103 2016 12
103 2016 11
103 2016 10
103 2016 09
103 2016 08
103 2016 07
103 2016 06
103 2016 05
103 2016 04
103 2016 03
103 2016 02
103 2016 01
103 2015 12
103 2015 11
103 2015 10
103 2015 09
103 2015 08
103 2015 07
103 2015 06
103 2015 05
103 2015 04
103 2015 03
103 2015 02
103 2015 01
103 2014 12
103 2014 11
103 2014 10
103 2014 09
103 2014 08
103 2014 07
103 2014 06
103 2014 05
103 2014 04
103 2014 03
103 2014 02
103 2014 01
103 2013 12
103 2013 11
103 2013 10
103 2013 09
103 2013 08
103 2013 07
103 2013 06
103 2013 05
103 2013 04
103 2013 03
103 2013 02
103 2013 01
103 2012 12
103 2012 11
103 2012 10
103 2012 09
103 2012 08
103 2012 07
103 2012 06
103 2012 05
103 2012 04
103 2012 03
103 2012 02
103 2012 01
103 2011 12
103 2011 11
103 2011 10
103 2011 09
103 2011 08
103 2011 07
103 2011 06
103 2011 05
103 2011 04
103 2011 03
