47065 2020 01
47065 2019 12
47065 2019 11
47065 2019 10
47065 2019 09
47065 2019 08
47065 2019 07
47065 2019 06
47065 2019 05
47065 2019 04
47065 2019 03
47065 2019 02
47065 2019 01
47065 2018 12
47065 2018 11
47065 2018 10
47065 2018 09
47065 2018 08
47065 2018 07
47065 2018 06
47065 2018 05
47065 2018 04
47065 2018 03
47065 2018 02
47065 2018 01
47065 2017 12
47065 2017 11
47065 2017 10
47065 2017 09
47065 2017 08
47065 2017 07
47065 2017 06
47065 2017 05
47065 2017 04
47065 2017 03
47065 2017 02
47065 2017 01
47065 2016 12
47065 2016 11
47065 2016 10
47065 2016 09
47065 2016 08
47065 2016 07
47065 2016 06
47065 2016 05
47065 2016 04
47065 2016 03
47065 2016 02
47065 2016 01
47065 2015 12
47065 2015 11
47065 2015 10
47065 2015 09
47065 2015 08
47065 2015 07
47065 2015 06
47065 2015 05
47065 2015 04
