858268 2020 01
858268 2019 12
858268 2019 11
858268 2019 10
858268 2019 09
858268 2019 08
858268 2019 07
858268 2019 06
858268 2019 05
858268 2019 04
858268 2019 03
858268 2019 02
858268 2019 01
858268 2018 12
858268 2018 11
858268 2018 10
858268 2018 09
858268 2018 08
858268 2018 07
858268 2018 06
858268 2018 05
858268 2018 04
858268 2018 03
858268 2018 02
858268 2018 01
858268 2017 12
858268 2017 11
858268 2017 10
858268 2017 09
858268 2017 08
858268 2017 07
858268 2017 06
858268 2017 05
858268 2017 04
858268 2017 03
858268 2017 02
858268 2017 01
858268 2016 12
858268 2016 11
858268 2016 10
858268 2016 09
858268 2016 08
858268 2016 07
858268 2016 06
858268 2016 05
858268 2016 04
858268 2016 03
858268 2016 02
858268 2016 01
858268 2015 12
858268 2015 11
858268 2015 10
