39718 2020 01
39718 2019 12
39718 2019 11
39718 2019 10
39718 2019 09
39718 2019 08
39718 2019 07
39718 2019 06
39718 2019 05
39718 2019 04
39718 2019 03
39718 2019 02
39718 2019 01
39718 2018 12
39718 2018 11
39718 2018 10
39718 2018 09
39718 2018 08
39718 2018 07
39718 2018 06
39718 2018 05
39718 2018 04
39718 2018 03
39718 2018 02
39718 2018 01
39718 2017 12
39718 2017 11
39718 2017 10
39718 2017 09
39718 2017 08
39718 2017 07
39718 2017 06
39718 2017 05
39718 2017 04
39718 2017 03
39718 2017 02
39718 2017 01
39718 2016 12
39718 2016 11
39718 2016 10
39718 2016 09
39718 2016 08
39718 2016 07
39718 2016 06
39718 2016 05
39718 2016 04
39718 2016 03
39718 2016 02
39718 2016 01
39718 2015 12
39718 2015 11
39718 2015 10
39718 2015 09
39718 2015 08
39718 2015 07
39718 2015 06
39718 2015 05
39718 2015 04
39718 2015 03
39718 2015 02
39718 2015 01
39718 2014 12
39718 2014 11
39718 2014 10
39718 2014 09
39718 2014 08
39718 2014 07
39718 2014 06
39718 2014 05
39718 2014 04
39718 2014 03
39718 2014 02
39718 2014 01
39718 2013 12
39718 2013 11
39718 2013 10
