39753 2020 01
39753 2019 12
39753 2019 11
39753 2019 10
39753 2019 09
39753 2019 08
39753 2019 07
39753 2019 06
39753 2019 05
39753 2019 04
39753 2019 03
39753 2019 02
39753 2019 01
39753 2018 12
39753 2018 11
39753 2018 10
39753 2018 09
39753 2018 08
39753 2018 07
39753 2018 06
39753 2018 05
39753 2018 04
39753 2018 03
39753 2018 02
39753 2018 01
39753 2017 12
39753 2017 11
39753 2017 10
39753 2017 09
39753 2017 08
39753 2017 07
39753 2017 06
39753 2017 05
39753 2017 04
39753 2017 03
39753 2017 02
39753 2017 01
39753 2016 12
39753 2016 11
39753 2016 10
39753 2016 09
39753 2016 08
39753 2016 07
39753 2016 06
39753 2016 05
39753 2016 04
39753 2016 03
39753 2016 02
39753 2016 01
