67591 2021 04
67591 2021 03
67591 2021 02
67591 2021 01
67591 2020 12
67591 2020 11
67591 2020 10
67591 2020 09
67591 2020 08
67591 2020 07
67591 2020 06
67591 2020 05
67591 2020 04
67591 2020 03
67591 2020 02
67591 2020 01
67591 2019 12
67591 2019 11
67591 2019 10
67591 2019 09
67591 2019 08
67591 2019 07
67591 2019 06
67591 2019 05
67591 2019 04
67591 2019 03
67591 2019 02
67591 2019 01
67591 2018 12
67591 2018 11
67591 2018 10
67591 2018 09
67591 2018 08
67591 2018 07
67591 2018 06
67591 2018 05
67591 2018 04
67591 2018 03
67591 2018 02
67591 2018 01
67591 2017 12
67591 2017 11
67591 2017 10
67591 2017 09
67591 2017 08
67591 2017 07
67591 2017 06
67591 2017 05
67591 2017 04
67591 2017 03
67591 2017 02
67591 2017 01
67591 2016 12
67591 2016 11
67591 2016 10
67591 2016 09
67591 2016 08
67591 2016 07
67591 2016 06
67591 2016 05
67591 2016 04
67591 2016 03
67591 2016 02
67591 2016 01
67591 2015 12
67591 2015 11
67591 2015 10
67591 2015 09
67591 2015 08
67591 2015 07
67591 2015 06
67591 2015 05
67591 2015 04
67591 2015 03
