114 2021 04
114 2021 03
114 2021 02
114 2021 01
114 2020 12
114 2020 11
114 2020 10
114 2020 09
114 2020 08
114 2020 07
114 2020 06
114 2020 05
114 2020 04
114 2020 03
114 2020 02
114 2020 01
114 2019 12
114 2019 11
114 2019 10
114 2019 09
114 2019 08
114 2019 07
114 2019 06
114 2019 05
114 2019 04
114 2019 03
114 2019 02
114 2019 01
114 2018 12
114 2018 11
114 2018 10
114 2018 09
114 2018 08
114 2018 07
114 2018 06
114 2018 05
114 2018 04
114 2018 03
114 2018 02
114 2018 01
114 2017 12
114 2017 11
114 2017 10
114 2017 09
114 2017 08
114 2017 07
114 2017 06
114 2017 05
114 2017 04
114 2017 03
114 2017 02
114 2017 01
114 2016 12
114 2016 11
114 2016 10
114 2016 09
114 2016 08
114 2016 07
114 2016 06
114 2016 05
114 2016 04
114 2016 03
114 2016 02
114 2016 01
114 2015 12
114 2015 11
114 2015 10
114 2015 09
114 2015 08
114 2015 07
114 2015 06
114 2015 05
114 2015 04
114 2015 03
114 2015 02
114 2015 01
114 2014 12
114 2014 11
114 2014 10
114 2014 09
114 2014 08
114 2014 07
114 2014 06
114 2014 05
114 2014 04
114 2014 03
114 2014 02
114 2014 01
114 2013 12
114 2013 11
114 2013 10
114 2013 09
114 2013 08
114 2013 07
114 2013 06
114 2013 05
114 2013 04
114 2013 03
114 2013 02
114 2013 01
114 2012 12
114 2012 11
