75823 2021 04
75823 2021 03
75823 2021 02
75823 2021 01
75823 2020 12
75823 2020 11
75823 2020 10
75823 2020 09
75823 2020 08
75823 2020 07
75823 2020 06
75823 2020 05
75823 2020 04
75823 2020 03
75823 2020 02
75823 2020 01
75823 2019 12
75823 2019 11
75823 2019 10
75823 2019 09
75823 2019 08
75823 2019 07
75823 2019 06
75823 2019 05
75823 2019 04
75823 2019 03
75823 2019 02
75823 2019 01
75823 2018 12
75823 2018 11
75823 2018 10
75823 2018 09
75823 2018 08
75823 2018 07
75823 2018 06
75823 2018 05
75823 2018 04
75823 2018 03
75823 2018 02
75823 2018 01
75823 2017 12
75823 2017 11
75823 2017 10
75823 2017 09
75823 2017 08
75823 2017 07
75823 2017 06
75823 2017 05
75823 2017 04
75823 2017 03
75823 2017 02
75823 2017 01
75823 2016 12
75823 2016 11
75823 2016 10
75823 2016 09
75823 2016 08
75823 2016 07
75823 2016 06
75823 2016 05
75823 2016 04
75823 2016 03
75823 2016 02
75823 2013 01
