109 2021 04
109 2021 03
109 2021 02
109 2021 01
109 2020 12
109 2020 11
109 2020 10
109 2020 09
109 2020 08
109 2020 07
109 2020 06
109 2020 05
109 2020 04
109 2020 03
109 2020 02
109 2020 01
109 2019 12
109 2019 11
109 2019 10
109 2019 09
109 2019 08
109 2019 07
109 2019 06
109 2019 05
109 2019 04
109 2019 03
109 2019 02
109 2019 01
109 2018 12
109 2018 11
109 2018 10
109 2018 09
109 2018 08
109 2018 07
109 2018 06
109 2018 05
109 2018 04
109 2018 03
109 2018 02
109 2018 01
109 2017 12
109 2017 11
109 2017 10
109 2017 09
109 2017 08
109 2017 07
109 2017 06
109 2017 05
109 2017 04
109 2017 03
109 2017 02
109 2017 01
109 2016 12
109 2016 11
109 2016 10
109 2016 07
109 2016 06
109 2016 05
109 2016 04
109 2016 03
109 2016 02
109 2016 01
109 2015 12
109 2015 11
109 2015 10
109 2015 09
109 2015 08
109 2015 07
109 2015 06
109 2015 05
109 2015 04
109 2015 03
109 2015 02
109 2015 01
109 2014 12
109 2014 11
109 2014 10
109 2014 09
109 2014 08
109 2014 07
109 2014 06
109 2014 05
109 2014 04
109 2014 03
109 2014 02
109 2014 01
109 2013 12
109 2013 11
109 2013 10
109 2013 09
109 2013 08
109 2013 07
109 2013 06
109 2013 05
109 2013 04
109 2013 03
109 2013 02
109 2013 01
109 2012 12
109 2012 11
109 2012 10
109 2012 09
109 2012 08
109 2012 07
109 2012 06
109 2012 05
109 2012 04
109 2012 03
109 2012 02
