105 2021 04
105 2021 03
105 2021 02
105 2021 01
105 2020 12
105 2020 11
105 2020 10
105 2020 09
105 2020 08
105 2020 07
105 2020 06
105 2020 05
105 2020 04
105 2020 03
105 2020 02
105 2020 01
105 2019 12
105 2019 11
105 2019 10
105 2019 09
105 2019 08
105 2019 07
105 2019 06
105 2019 05
105 2019 04
105 2019 03
105 2019 02
105 2019 01
105 2018 12
105 2018 11
105 2018 10
105 2018 09
105 2018 08
105 2018 07
105 2018 06
105 2018 05
105 2018 04
105 2018 03
105 2018 02
105 2018 01
105 2017 12
105 2017 11
105 2017 10
105 2017 09
105 2017 08
105 2017 07
105 2017 06
105 2017 05
105 2017 04
105 2017 03
105 2017 02
105 2017 01
105 2016 12
105 2016 11
105 2016 10
105 2016 09
105 2016 08
105 2016 07
105 2016 06
105 2016 05
105 2016 04
105 2016 03
105 2016 02
105 2016 01
105 2015 12
105 2015 11
105 2015 10
105 2015 09
105 2015 08
105 2015 07
105 2015 06
105 2015 05
105 2015 04
105 2015 03
105 2015 02
105 2015 01
105 2014 12
105 2014 11
105 2014 10
105 2014 09
105 2014 08
105 2014 07
105 2014 06
105 2014 05
105 2014 04
105 2014 03
105 2014 02
105 2014 01
105 2013 12
105 2013 11
105 2013 10
105 2013 09
105 2013 08
105 2013 07
105 2013 06
105 2013 05
105 2013 04
105 2013 03
105 2013 02
105 2013 01
105 2012 12
105 2012 11
105 2012 10
105 2012 09
105 2012 08
105 2012 07
105 2012 06
105 2012 05
105 2012 04
105 2012 03
105 2012 02
