8893 2021 04
8893 2021 03
8893 2021 02
8893 2021 01
8893 2020 12
8893 2020 11
8893 2020 10
8893 2020 09
8893 2020 08
8893 2020 07
8893 2020 06
8893 2020 05
8893 2020 04
8893 2020 03
8893 2020 02
8893 2020 01
8893 2019 12
8893 2019 11
8893 2019 10
8893 2019 09
8893 2019 08
8893 2019 07
8893 2019 06
8893 2019 05
8893 2019 04
8893 2019 03
8893 2019 02
8893 2019 01
8893 2018 12
8893 2018 11
8893 2018 10
8893 2018 09
8893 2018 08
8893 2018 07
8893 2018 06
8893 2018 05
8893 2018 04
8893 2018 03
8893 2018 02
8893 2018 01
8893 2017 12
8893 2017 11
8893 2017 10
8893 2017 09
8893 2017 08
8893 2017 07
8893 2017 06
8893 2017 05
8893 2017 04
8893 2017 03
8893 2017 02
8893 2017 01
8893 2016 12
8893 2016 11
8893 2016 10
8893 2016 09
8893 2016 08
8893 2016 07
8893 2016 06
8893 2016 05
8893 2016 04
8893 2016 03
8893 2016 02
8893 2016 01
8893 2015 12
8893 2015 11
8893 2015 10
8893 2015 09
8893 2015 08
8893 2015 07
8893 2015 06
8893 2015 05
8893 2015 04
8893 2015 03
8893 2015 02
8893 2015 01
8893 2014 12
8893 2014 11
8893 2014 10
8893 2013 01
