856131 2021 04
856131 2021 03
856131 2021 02
856131 2021 01
856131 2020 12
856131 2020 11
856131 2020 10
856131 2020 09
856131 2020 08
856131 2020 07
856131 2020 06
856131 2020 05
856131 2020 04
856131 2020 03
856131 2020 02
856131 2020 01
856131 2019 12
856131 2019 11
856131 2019 10
856131 2019 09
856131 2019 08
856131 2019 07
856131 2019 06
856131 2019 05
856131 2019 04
856131 2019 03
856131 2019 02
856131 2019 01
856131 2018 12
856131 2018 11
856131 2018 10
856131 2018 09
856131 2018 08
856131 2018 07
856131 2018 06
856131 2018 05
856131 2018 04
856131 2018 03
856131 2018 02
856131 2018 01
856131 2017 12
856131 2017 11
856131 2017 10
856131 2017 09
856131 2017 08
856131 2017 07
856131 2017 06
856131 2017 05
856131 2017 04
856131 2017 03
856131 2017 02
856131 2017 01
856131 2016 12
856131 2016 11
856131 2016 10
856131 2016 09
856131 2016 08
856131 2016 07
856131 2016 06
856131 2016 05
856131 2016 04
856131 2016 03
856131 2016 02
856131 2016 01
856131 2015 12
856131 2015 11
856131 2015 10
856131 2015 09
856131 2015 08
856131 2015 07
856131 2015 06
856131 2015 05
856131 2015 04
856131 2015 03
856131 2015 02
856131 2015 01
856131 2014 12
856131 2014 11
856131 2014 10
856131 2014 09
856131 2014 08
856131 2014 07
856131 2014 06
856131 2014 05
856131 2014 04
856131 2014 03
856131 2014 02
856131 2014 01
856131 2013 12
856131 2013 11
856131 2013 10
