74714 2021 04
74714 2021 03
74714 2021 02
74714 2021 01
74714 2020 12
74714 2020 11
74714 2020 10
74714 2020 09
74714 2020 08
74714 2020 07
74714 2020 06
74714 2020 05
74714 2020 04
74714 2020 03
74714 2020 02
74714 2020 01
74714 2019 12
74714 2019 11
74714 2019 10
74714 2019 09
74714 2019 08
74714 2019 07
74714 2019 06
74714 2019 05
74714 2019 04
74714 2019 03
74714 2019 02
74714 2019 01
74714 2018 12
74714 2018 11
74714 2018 10
74714 2018 09
74714 2018 08
74714 2018 07
74714 2018 06
74714 2018 05
74714 2018 04
74714 2018 03
74714 2018 02
74714 2018 01
74714 2017 12
74714 2017 11
74714 2017 10
74714 2017 09
74714 2017 08
74714 2017 07
74714 2017 06
74714 2017 05
74714 2017 04
74714 2017 03
74714 2017 02
74714 2017 01
74714 2016 12
74714 2016 11
74714 2016 10
74714 2016 09
74714 2016 08
74714 2016 07
74714 2016 06
74714 2016 05
74714 2016 04
