46982 2021 04
46982 2021 03
46982 2021 02
46982 2021 01
46982 2020 12
46982 2020 11
46982 2020 10
46982 2020 09
46982 2020 08
46982 2020 07
46982 2020 06
46982 2020 05
46982 2020 04
46982 2020 03
46982 2020 02
46982 2020 01
46982 2019 12
46982 2019 11
46982 2019 10
46982 2019 09
46982 2019 08
46982 2019 07
46982 2019 06
46982 2019 05
46982 2019 04
46982 2019 03
46982 2019 02
46982 2019 01
46982 2018 12
46982 2018 11
46982 2018 10
46982 2018 09
46982 2018 08
46982 2018 07
46982 2018 06
46982 2018 05
46982 2018 04
46982 2018 03
46982 2018 02
46982 2018 01
46982 2017 12
46982 2017 11
46982 2017 10
46982 2017 09
46982 2017 08
46982 2017 07
46982 2017 06
46982 2017 05
46982 2017 04
46982 2017 03
46982 2017 02
46982 2017 01
46982 2016 12
46982 2016 11
46982 2016 10
46982 2016 09
46982 2016 08
46982 2016 07
46982 2016 06
46982 2016 05
46982 2016 04
46982 2016 03
46982 2016 02
46982 2016 01
46982 2015 12
46982 2015 11
46982 2015 10
46982 2015 09
46982 2015 08
46982 2015 07
46982 2015 06
46982 2015 05
46982 2015 04
46982 2015 03
46982 2015 02
46982 2015 01
46982 2014 12
46982 2014 11
46982 2014 10
46982 2014 09
46982 2014 08
46982 2014 07
46982 2014 06
46982 2014 05
46982 2014 04
46982 2014 03
46982 2014 02
46982 2014 01
46982 2013 12
46982 2013 11
46982 2013 10
46982 2013 09
46982 2013 08
46982 2013 07
46982 2013 06
46982 2013 05
46982 2013 04
46982 2013 03
46982 2013 02
46982 2013 01
46982 2012 12
46982 2012 11
46982 2012 10
46982 2012 09
46982 2012 08
46982 2012 07
46982 2012 06
