116 2021 04
116 2021 03
116 2021 02
116 2021 01
116 2020 12
116 2020 11
116 2020 10
116 2020 09
116 2020 08
116 2020 07
116 2020 06
116 2020 05
116 2020 04
116 2020 03
116 2020 02
116 2020 01
116 2019 12
116 2019 11
116 2019 10
116 2019 09
116 2019 08
116 2019 07
116 2019 06
116 2019 05
116 2019 04
116 2019 03
116 2019 02
116 2019 01
116 2018 12
116 2018 11
116 2018 10
116 2018 09
116 2018 08
116 2018 07
116 2018 06
116 2018 05
116 2018 04
116 2018 03
116 2018 02
116 2018 01
116 2017 12
116 2017 11
116 2017 10
116 2017 09
116 2017 08
116 2017 07
116 2017 06
116 2017 05
116 2017 04
116 2017 03
116 2017 02
116 2017 01
116 2016 12
116 2016 11
116 2016 10
116 2016 09
116 2016 08
116 2016 07
116 2016 06
116 2016 05
116 2016 04
116 2016 03
116 2016 02
116 2016 01
116 2015 12
116 2015 11
116 2015 10
116 2015 09
116 2015 08
116 2015 07
116 2015 06
116 2014 09
116 2014 08
116 2014 07
116 2014 06
116 2014 05
116 2014 04
116 2014 03
116 2014 02
116 2014 01
116 2013 12
116 2013 11
116 2013 10
116 2013 09
116 2013 08
116 2013 07
116 2013 06
116 2013 05
116 2013 04
116 2013 03
116 2013 02
