31202 2021 04
31202 2021 03
31202 2021 02
31202 2021 01
31202 2020 12
31202 2020 11
31202 2020 10
31202 2020 09
31202 2020 08
31202 2020 07
31202 2020 06
31202 2020 05
31202 2020 04
31202 2020 03
31202 2020 02
31202 2020 01
31202 2019 12
31202 2019 11
31202 2019 10
31202 2019 09
31202 2019 08
31202 2019 07
31202 2019 06
31202 2019 05
31202 2019 04
31202 2019 03
31202 2019 02
31202 2019 01
31202 2018 12
31202 2018 11
31202 2018 10
31202 2018 09
31202 2018 08
31202 2018 07
31202 2018 06
31202 2018 05
31202 2018 04
31202 2018 03
31202 2018 02
31202 2018 01
31202 2017 12
31202 2017 11
31202 2017 10
31202 2017 09
31202 2017 08
31202 2017 07
31202 2017 06
31202 2017 05
31202 2017 04
31202 2017 03
31202 2017 02
31202 2017 01
31202 2016 12
31202 2016 11
31202 2016 10
31202 2016 09
31202 2016 08
31202 2016 07
31202 2016 06
31202 2016 05
31202 2016 04
31202 2016 03
31202 2016 02
