113 2021 04
113 2021 03
113 2021 02
113 2021 01
113 2020 12
113 2020 11
113 2020 10
113 2020 09
113 2020 08
113 2020 07
113 2020 06
113 2020 05
113 2020 04
113 2020 03
113 2020 02
113 2020 01
113 2019 12
113 2019 11
113 2019 10
113 2019 09
113 2019 08
113 2019 07
113 2019 06
113 2019 05
113 2019 04
113 2019 03
113 2019 02
113 2019 01
113 2018 12
113 2018 11
113 2018 10
113 2018 09
113 2018 08
113 2018 07
113 2018 06
113 2018 05
113 2018 04
113 2018 03
113 2018 02
113 2018 01
113 2017 12
113 2017 11
113 2017 10
113 2017 09
113 2017 08
113 2017 07
113 2017 06
113 2017 05
113 2017 04
113 2017 03
113 2017 02
113 2017 01
113 2016 12
113 2016 11
113 2016 10
113 2016 09
113 2016 08
113 2016 07
113 2016 06
113 2016 05
113 2016 04
113 2016 03
113 2016 02
113 2016 01
113 2015 12
113 2015 11
113 2015 10
113 2015 09
113 2015 08
113 2015 07
113 2015 06
113 2015 05
113 2015 04
113 2015 03
113 2015 02
113 2015 01
113 2014 12
113 2014 11
113 2014 10
113 2014 09
113 2014 08
113 2014 07
113 2014 06
113 2014 05
113 2014 04
113 2014 03
113 2014 02
113 2014 01
113 2013 12
113 2013 11
113 2013 10
113 2013 09
113 2013 08
113 2013 07
113 2013 06
113 2013 05
113 2013 04
113 2013 03
113 2013 02
113 2013 01
113 2012 12
113 2012 11
