25 2021 04
25 2021 03
25 2021 02
25 2021 01
25 2020 12
25 2020 11
25 2020 10
25 2020 09
25 2020 08
25 2020 07
25 2020 06
25 2020 05
25 2020 04
25 2020 03
25 2020 02
25 2020 01
25 2019 12
25 2019 11
25 2019 10
25 2019 09
25 2019 08
25 2019 07
25 2019 06
25 2019 05
25 2019 04
25 2019 03
25 2019 02
25 2019 01
25 2018 12
25 2018 11
25 2018 10
25 2018 09
25 2018 08
25 2018 07
25 2018 06
25 2018 05
25 2018 04
25 2018 03
25 2018 02
25 2018 01
25 2017 12
25 2017 11
25 2017 10
25 2017 09
25 2017 08
25 2017 07
25 2017 06
25 2017 05
25 2017 04
25 2017 03
25 2017 02
25 2017 01
25 2016 12
25 2016 11
25 2016 10
25 2016 09
25 2016 08
25 2016 07
25 2016 06
25 2016 05
25 2016 04
25 2016 03
25 2016 02
25 2016 01
25 2015 12
25 2015 11
25 2015 10
25 2015 09
25 2015 08
