37860 2020 01
37860 2019 12
37860 2019 11
37860 2019 10
37860 2019 09
37860 2019 08
37860 2019 07
37860 2019 06
37860 2019 05
37860 2019 04
37860 2019 03
37860 2019 02
37860 2019 01
37860 2018 12
37860 2018 11
37860 2018 10
37860 2018 09
37860 2018 08
37860 2018 07
37860 2018 06
37860 2018 05
37860 2018 04
37860 2018 03
37860 2018 02
37860 2018 01
37860 2017 12
37860 2017 11
37860 2017 10
37860 2017 09
37860 2017 08
37860 2017 07
37860 2017 06
37860 2017 05
37860 2017 04
37860 2017 03
37860 2017 02
37860 2017 01
37860 2016 12
37860 2016 11
37860 2016 10
37860 2016 09
37860 2016 08
37860 2016 07
37860 2016 06
37860 2016 05
37860 2016 04
37860 2016 03
37860 2016 02
37860 2016 01
37860 2015 12
37860 2015 11
37860 2015 10
37860 2015 09
37860 2015 08
37860 2015 07
37860 2015 06
37860 2015 05
37860 2015 04
37860 2015 03
37860 2015 02
37860 2015 01
37860 2014 12
37860 2014 11
37860 2014 10
37860 2014 09
37860 2014 08
37860 2014 07
37860 2014 06
37860 2014 05
37860 2014 04
37860 2014 03
37860 2014 02
37860 2014 01
37860 2013 12
37860 2013 11
37860 2013 10
37860 2013 09
37860 2013 08
37860 2013 07
37860 2013 06
37860 2013 05
37860 2013 04
37860 2013 03
37860 2013 02
37860 2013 01
37860 2012 12
37860 2012 11
37860 2012 10
37860 2012 09
37860 2012 08
37860 2012 07
37860 2012 06
37860 2012 05
37860 2012 04
37860 2012 03
37860 2012 02
37860 2012 01
37860 2011 12
37860 2011 11
37860 2011 10
37860 2011 09
37860 2011 08
37860 2011 07
37860 2011 06
37860 2011 05
37860 2011 04
37860 2011 03
37860 2011 02
37860 2011 01
37860 2010 12
37860 2010 11
37860 2010 10
37860 2010 09
37860 2010 08
37860 2010 07
37860 2010 06
37860 2010 05
37860 2010 04
37860 2010 03
37860 2010 02
37860 2010 01
37860 2009 12
37860 2009 11
37860 2009 10
