101 2021 04
101 2021 03
101 2021 02
101 2021 01
101 2020 12
101 2020 11
101 2020 10
101 2020 09
101 2020 08
101 2020 07
101 2020 06
101 2020 05
101 2020 04
101 2020 03
101 2020 02
101 2020 01
101 2019 12
101 2019 11
101 2019 10
101 2019 09
101 2019 08
101 2019 07
101 2019 06
101 2019 05
101 2019 04
101 2019 03
101 2019 02
101 2019 01
101 2018 12
101 2018 11
101 2018 10
101 2018 09
101 2018 08
101 2018 07
101 2018 06
101 2018 05
101 2018 04
101 2018 03
101 2018 02
101 2018 01
101 2017 12
101 2017 11
101 2017 10
101 2017 09
101 2017 08
101 2017 07
101 2017 06
101 2017 05
101 2017 04
101 2017 03
101 2017 02
101 2017 01
101 2016 12
101 2016 11
101 2016 10
101 2016 09
101 2016 08
101 2016 07
101 2016 06
101 2016 05
101 2016 04
101 2016 03
101 2016 02
101 2016 01
101 2015 12
101 2015 11
101 2015 10
101 2015 09
101 2015 08
101 2015 07
101 2015 06
101 2015 05
101 2015 04
101 2015 03
101 2015 02
101 2015 01
101 2014 12
101 2014 11
101 2014 10
101 2014 09
101 2014 08
101 2014 07
101 2014 06
101 2014 05
101 2014 04
101 2014 03
101 2014 02
101 2014 01
101 2013 12
101 2013 11
101 2013 10
101 2013 09
101 2013 08
101 2013 07
101 2013 06
101 2013 05
101 2013 04
101 2013 03
101 2013 02
101 2013 01
101 2012 12
101 2012 11
101 2012 10
101 2012 09
101 2012 08
101 2012 07
101 2012 06
101 2012 05
101 2012 04
101 2012 03
101 2012 02
101 2012 01
101 2011 12
101 2011 11
101 2011 10
101 2011 09
101 2011 08
101 2011 07
101 2011 06
101 2011 05
101 2011 04
101 2011 03
