857341 2021 04
857341 2021 03
857341 2021 02
857341 2021 01
857341 2020 12
857341 2020 11
857341 2020 10
857341 2020 09
857341 2020 08
857341 2020 07
857341 2020 06
857341 2020 05
857341 2020 04
857341 2020 03
857341 2020 02
857341 2020 01
857341 2019 12
857341 2019 11
857341 2019 10
857341 2019 09
857341 2019 08
857341 2019 07
857341 2019 06
857341 2019 05
857341 2019 04
857341 2019 03
857341 2019 02
857341 2019 01
857341 2018 12
857341 2018 11
857341 2018 10
857341 2018 09
857341 2018 08
857341 2018 07
857341 2018 06
857341 2018 05
857341 2018 04
857341 2018 03
857341 2018 02
857341 2018 01
857341 2017 12
857341 2017 11
857341 2017 10
857341 2017 09
857341 2017 08
857341 2017 07
857341 2017 06
857341 2017 05
857341 2017 04
857341 2017 03
857341 2017 02
857341 2017 01
857341 2016 12
857341 2016 11
857341 2016 10
857341 2016 09
857341 2016 08
857341 2016 07
857341 2016 06
857341 2016 05
857341 2016 04
857341 2016 03
857341 2016 02
857341 2016 01
857341 2015 12
857341 2015 11
857341 2015 10
857341 2015 09
857341 2015 08
857341 2015 07
857341 2015 06
857341 2015 05
857341 2015 04
857341 2015 03
857341 2015 02
857341 2015 01
857341 2014 12
857341 2014 11
857341 2014 10
