47020 2020 01
47020 2019 12
47020 2019 11
47020 2019 10
47020 2019 09
47020 2019 08
47020 2019 07
47020 2019 06
47020 2019 05
47020 2019 04
47020 2019 03
47020 2019 02
47020 2019 01
47020 2018 12
47020 2018 11
47020 2018 10
47020 2018 09
47020 2018 08
47020 2018 07
47020 2018 06
47020 2018 05
47020 2018 04
47020 2018 03
47020 2018 02
47020 2018 01
47020 2017 12
47020 2017 11
47020 2017 10
47020 2017 09
47020 2017 08
47020 2017 07
47020 2017 06
47020 2017 05
47020 2017 04
47020 2017 03
47020 2017 02
47020 2017 01
47020 2016 12
47020 2016 11
47020 2016 10
47020 2016 09
47020 2016 08
47020 2016 07
47020 2016 06
47020 2016 05
47020 2016 04
47020 2016 03
47020 2016 02
47020 2016 01
47020 2015 12
47020 2015 11
47020 2015 10
47020 2015 09
47020 2015 08
47020 2015 07
47020 2015 06
47020 2015 05
47020 2015 04
47020 2015 03
47020 2015 02
47020 2015 01
47020 2014 12
47020 2014 11
47020 2014 10
47020 2014 09
47020 2014 08
47020 2014 07
47020 2014 06
47020 2014 05
47020 2014 04
47020 2014 03
47020 2014 02
47020 2014 01
47020 2013 12
47020 2013 11
47020 2013 10
47020 2013 09
47020 2013 08
47020 2013 07
47020 2013 06
47020 2013 05
47020 2013 04
47020 2013 03
47020 2013 02
47020 2013 01
47020 2012 12
47020 2012 11
47020 2012 10
47020 2012 09
47020 2012 08
47020 2012 07
47020 2012 06
47020 2012 05
