108 2021 04
108 2021 03
108 2021 02
108 2021 01
108 2020 12
108 2020 11
108 2020 10
108 2020 09
108 2020 08
108 2020 07
108 2020 06
108 2020 05
108 2020 04
108 2020 03
108 2020 02
108 2020 01
108 2019 12
108 2019 11
108 2019 10
108 2019 09
108 2019 08
108 2019 07
108 2019 06
108 2019 05
108 2019 04
108 2019 03
108 2019 02
108 2019 01
108 2018 12
108 2018 11
108 2018 10
108 2018 09
108 2018 08
108 2018 07
108 2018 06
108 2018 05
108 2018 04
108 2018 03
108 2018 02
108 2018 01
108 2017 12
108 2017 11
108 2017 10
108 2017 09
108 2017 08
108 2017 07
108 2017 06
108 2017 05
108 2017 04
108 2017 03
108 2017 02
108 2017 01
108 2016 12
108 2016 11
108 2016 10
108 2016 09
108 2016 08
108 2016 07
108 2016 06
108 2016 05
108 2016 04
108 2016 03
108 2016 02
108 2016 01
108 2015 12
108 2015 11
108 2015 10
108 2015 09
108 2015 08
108 2015 07
108 2015 06
108 2015 05
108 2015 04
108 2015 03
108 2015 02
108 2015 01
108 2014 12
108 2014 11
108 2014 10
108 2014 09
108 2014 08
108 2014 07
108 2014 06
108 2014 05
108 2014 04
108 2014 03
108 2014 02
108 2014 01
108 2013 12
108 2013 11
108 2013 10
108 2013 09
108 2013 08
108 2013 07
108 2013 06
108 2013 05
108 2013 04
108 2013 03
108 2013 02
108 2013 01
108 2012 12
108 2012 11
108 2012 10
108 2012 09
108 2012 08
108 2012 07
108 2012 06
108 2012 05
108 2012 04
108 2012 03
108 2012 02
