115 2021 04
115 2021 03
115 2021 02
115 2021 01
115 2020 12
115 2020 11
115 2020 10
115 2020 09
115 2020 08
115 2020 07
115 2020 06
115 2020 05
115 2020 04
115 2020 03
115 2020 02
115 2020 01
115 2019 12
115 2019 11
115 2019 10
115 2019 09
115 2019 08
115 2019 07
115 2019 06
115 2019 05
115 2019 04
115 2019 03
115 2019 02
115 2019 01
115 2018 12
115 2018 11
115 2018 10
115 2018 09
115 2018 08
115 2018 07
115 2018 06
115 2018 05
115 2018 04
115 2018 03
115 2018 02
115 2018 01
115 2017 12
115 2017 11
115 2017 10
115 2017 09
115 2017 08
115 2017 07
115 2017 06
115 2017 05
115 2017 04
115 2017 03
115 2017 02
115 2017 01
115 2016 12
115 2016 11
115 2016 10
115 2016 09
115 2016 08
115 2016 07
115 2016 06
115 2016 05
115 2016 04
115 2016 03
115 2016 02
115 2016 01
115 2015 12
115 2015 11
115 2015 10
115 2015 09
115 2015 08
115 2015 07
115 2015 06
115 2015 05
115 2015 04
115 2015 03
115 2015 02
115 2015 01
115 2014 12
115 2014 11
115 2014 10
115 2014 09
115 2014 08
115 2014 07
115 2014 06
115 2014 05
115 2014 04
115 2014 03
115 2014 02
115 2014 01
115 2013 12
115 2013 11
115 2013 10
115 2013 09
115 2013 08
115 2013 07
115 2013 06
115 2013 05
115 2013 04
115 2013 03
115 2013 02
115 2013 01
115 2012 12
