46966 2021 04
46966 2021 03
46966 2021 02
46966 2021 01
46966 2020 12
46966 2020 11
46966 2020 10
46966 2020 09
46966 2020 08
46966 2020 07
46966 2020 06
46966 2020 05
46966 2020 04
46966 2020 03
46966 2020 02
46966 2020 01
46966 2019 12
46966 2019 11
46966 2019 10
46966 2019 09
46966 2019 08
46966 2019 07
46966 2019 06
46966 2019 05
46966 2019 04
46966 2019 03
46966 2019 02
46966 2019 01
46966 2018 12
46966 2018 11
46966 2018 10
46966 2018 09
46966 2018 08
46966 2018 07
46966 2018 06
46966 2018 05
46966 2018 04
46966 2018 03
46966 2018 02
46966 2018 01
46966 2017 12
46966 2017 11
46966 2017 10
46966 2017 09
46966 2017 08
46966 2017 07
46966 2017 06
46966 2017 05
46966 2017 04
46966 2017 03
46966 2017 02
46966 2017 01
46966 2016 12
46966 2016 11
46966 2016 10
46966 2016 09
46966 2016 08
46966 2016 07
46966 2016 06
46966 2016 05
46966 2016 04
46966 2016 03
46966 2016 02
