64258 2021 04
64258 2021 03
64258 2021 02
64258 2021 01
64258 2020 12
64258 2020 11
64258 2020 10
64258 2020 09
64258 2020 08
64258 2020 07
64258 2020 06
64258 2020 05
64258 2020 04
64258 2020 03
64258 2020 02
64258 2020 01
64258 2019 12
64258 2019 11
64258 2019 10
64258 2019 09
64258 2019 08
64258 2019 07
64258 2019 06
64258 2019 05
64258 2019 04
64258 2019 03
64258 2019 02
64258 2019 01
64258 2018 12
64258 2018 11
64258 2018 10
64258 2018 09
64258 2018 08
64258 2018 07
64258 2018 06
64258 2018 05
64258 2018 04
64258 2018 03
64258 2018 02
64258 2018 01
64258 2017 12
64258 2017 11
64258 2017 10
64258 2017 09
64258 2017 08
64258 2017 07
64258 2017 06
64258 2017 05
64258 2017 04
64258 2017 03
64258 2017 02
64258 2017 01
64258 2016 12
64258 2016 11
64258 2016 10
64258 2016 09
64258 2016 08
64258 2016 07
64258 2016 06
64258 2016 05
64258 2016 04
64258 2016 03
64258 2016 02
64258 2016 01
64258 2015 12
64258 2015 11
64258 2015 10
64258 2015 09
64258 2015 08
64258 2015 07
64258 2015 06
64258 2015 05
64258 2015 04
64258 2015 03
64258 2015 02
64258 2015 01
64258 2014 12
64258 2014 11
64258 2014 10
64258 2014 09
64258 2014 08
64258 2014 07
64258 2014 06
64258 2014 05
64258 2014 04
64258 2014 03
64258 2014 02
64258 2014 01
64258 2013 12
64258 2013 11
64258 2013 10
64258 2013 09
64258 2013 08
64258 2013 07
