48935 2021 04
48935 2021 03
48935 2021 02
48935 2021 01
48935 2020 12
48935 2020 11
48935 2020 10
48935 2020 09
48935 2020 08
48935 2020 07
48935 2020 06
48935 2020 05
48935 2020 04
48935 2020 03
48935 2020 02
48935 2020 01
48935 2019 12
48935 2019 11
48935 2019 10
48935 2019 09
48935 2019 08
48935 2019 07
48935 2019 06
48935 2019 05
48935 2019 04
48935 2019 03
48935 2019 02
48935 2019 01
48935 2018 12
48935 2018 11
48935 2018 10
48935 2018 09
48935 2018 08
48935 2018 07
48935 2018 06
48935 2018 05
48935 2018 04
48935 2018 03
48935 2018 02
48935 2018 01
48935 2017 12
48935 2017 11
48935 2017 10
48935 2017 09
48935 2017 08
48935 2017 07
48935 2017 06
48935 2017 05
48935 2017 04
48935 2017 03
48935 2017 02
48935 2017 01
48935 2016 12
48935 2016 11
48935 2016 10
48935 2016 09
48935 2016 08
48935 2016 07
48935 2016 06
48935 2016 05
48935 2016 04
48935 2016 03
48935 2016 02
48935 2016 01
48935 2015 12
48935 2015 11
48935 2015 10
48935 2015 09
48935 2015 08
48935 2015 07
48935 2015 06
48935 2015 05
48935 2015 04
48935 2015 03
48935 2015 02
48935 2015 01
48935 2014 12
48935 2014 11
48935 2014 10
48935 2014 09
48935 2014 08
48935 2014 07
48935 2014 06
48935 2014 05
48935 2014 04
48935 2014 03
48935 2014 02
48935 2014 01
48935 2013 12
48935 2013 11
48935 2013 10
48935 2013 09
48935 2013 08
48935 2013 07
48935 2013 06
48935 2013 05
48935 2013 04
48935 2013 03
48935 2013 02
48935 2013 01
48935 2012 12
48935 2012 11
48935 2012 10
48935 2012 09
48935 2012 08
48935 2012 07
48935 2012 06
48935 2012 05
