858576 2021 04
858576 2021 03
858576 2021 02
858576 2021 01
858576 2020 12
858576 2020 11
858576 2020 10
858576 2020 09
858576 2020 08
858576 2020 07
858576 2020 06
858576 2020 05
858576 2020 04
858576 2020 03
858576 2020 02
858576 2020 01
858576 2019 12
858576 2019 11
858576 2019 10
858576 2019 09
858576 2019 08
858576 2019 07
858576 2019 06
858576 2019 05
858576 2019 04
858576 2019 03
858576 2019 02
858576 2019 01
858576 2018 12
858576 2018 11
858576 2018 10
858576 2018 09
858576 2018 08
858576 2018 07
858576 2018 06
858576 2018 05
858576 2018 04
858576 2018 03
858576 2018 02
858576 2018 01
858576 2017 12
858576 2017 11
858576 2017 10
858576 2017 09
858576 2017 08
858576 2017 07
858576 2017 06
858576 2017 05
858576 2017 04
858576 2017 03
858576 2017 02
858576 2017 01
858576 2016 12
858576 2016 11
858576 2016 10
