80493 2021 04
80493 2021 03
80493 2021 02
80493 2021 01
80493 2020 12
80493 2020 11
80493 2020 10
80493 2020 09
80493 2020 08
80493 2020 07
80493 2020 06
80493 2020 05
80493 2020 04
80493 2020 03
80493 2020 02
80493 2020 01
80493 2019 12
80493 2019 11
80493 2019 10
80493 2019 09
80493 2019 08
80493 2019 07
80493 2019 06
80493 2019 05
80493 2019 04
80493 2019 03
80493 2019 02
80493 2019 01
80493 2018 12
80493 2018 11
80493 2018 10
80493 2018 09
80493 2018 08
80493 2018 07
80493 2018 06
80493 2018 05
80493 2018 04
80493 2018 03
80493 2018 02
80493 2018 01
80493 2017 12
80493 2017 11
80493 2017 10
80493 2017 09
80493 2017 08
80493 2017 07
80493 2017 06
80493 2017 05
80493 2017 04
80493 2017 03
80493 2017 02
80493 2017 01
80493 2016 12
80493 2016 11
