52121 2021 04
52121 2021 03
52121 2021 02
52121 2021 01
52121 2020 12
52121 2020 11
52121 2020 10
52121 2020 09
52121 2020 08
52121 2020 07
52121 2020 06
52121 2020 05
52121 2020 04
52121 2020 03
52121 2020 02
52121 2020 01
52121 2019 12
52121 2019 11
52121 2019 10
52121 2019 09
52121 2019 08
52121 2019 07
52121 2019 06
52121 2019 05
52121 2019 04
52121 2019 03
52121 2019 02
52121 2019 01
52121 2018 12
52121 2018 11
52121 2018 10
52121 2018 09
52121 2018 08
52121 2018 07
52121 2018 06
52121 2018 05
52121 2018 04
52121 2018 03
52121 2018 02
52121 2018 01
52121 2017 12
52121 2017 11
52121 2017 10
52121 2017 09
52121 2017 08
52121 2017 07
52121 2017 06
52121 2017 05
52121 2017 04
52121 2017 03
52121 2017 02
52121 2017 01
52121 2016 12
52121 2016 11
52121 2016 10
52121 2016 09
52121 2016 08
52121 2016 07
52121 2016 06
52121 2016 05
52121 2016 04
52121 2016 03
52121 2016 02
52121 2016 01
52121 2015 12
52121 2015 11
52121 2015 10
52121 2015 09
52121 2015 08
52121 2015 07
52121 2015 06
52121 2015 05
52121 2015 04
52121 2015 03
52121 2015 02
52121 2015 01
52121 2014 12
52121 2014 11
52121 2014 10
52121 2014 09
52121 2014 08
52121 2014 07
52121 2014 06
52121 2014 05
52121 2014 04
52121 2014 03
52121 2014 02
52121 2014 01
52121 2013 12
52121 2013 11
52121 2013 10
52121 2013 09
52121 2013 08
52121 2013 07
