102 2021 04
102 2021 03
102 2021 02
102 2021 01
102 2020 12
102 2020 11
102 2020 10
102 2020 09
102 2020 08
102 2020 07
102 2020 06
102 2020 05
102 2020 04
102 2020 03
102 2020 02
102 2020 01
102 2019 12
102 2019 11
102 2019 10
102 2019 09
102 2019 08
102 2019 07
102 2019 06
102 2019 05
102 2019 04
102 2019 03
102 2019 02
102 2019 01
102 2018 12
102 2018 11
102 2018 10
102 2018 09
102 2018 08
102 2018 07
102 2018 06
102 2018 05
102 2018 04
102 2018 03
102 2018 02
102 2018 01
102 2017 12
102 2017 11
102 2017 10
102 2017 09
102 2017 08
102 2017 07
102 2017 06
102 2017 05
102 2017 04
102 2017 03
102 2017 02
102 2017 01
102 2016 12
102 2016 11
102 2016 10
102 2016 09
102 2016 08
102 2016 07
102 2016 06
102 2016 05
102 2016 04
102 2016 03
102 2016 02
102 2016 01
102 2015 12
102 2015 11
102 2015 10
102 2015 09
102 2015 08
102 2015 07
102 2015 06
102 2015 05
102 2015 04
102 2015 03
102 2015 02
102 2015 01
102 2014 12
102 2014 11
102 2014 10
102 2014 09
102 2014 08
102 2014 07
102 2014 06
102 2014 05
102 2014 04
102 2014 03
102 2014 02
102 2014 01
102 2013 12
102 2013 11
102 2013 10
102 2013 09
102 2013 08
102 2013 07
102 2013 06
102 2013 05
102 2013 04
102 2013 03
102 2013 02
102 2013 01
102 2012 12
102 2012 11
102 2012 10
102 2012 09
102 2012 08
102 2012 07
102 2012 06
102 2012 05
102 2012 04
102 2012 03
102 2012 02
102 2012 01
102 2011 12
102 2011 11
102 2011 10
102 2011 09
102 2011 08
102 2011 07
102 2011 06
102 2011 05
102 2011 04
102 2011 03
