46953 2020 01
46953 2019 12
46953 2019 11
46953 2019 10
46953 2019 09
46953 2019 08
46953 2019 07
46953 2019 06
46953 2019 05
46953 2019 04
46953 2019 03
46953 2019 02
46953 2019 01
46953 2018 12
46953 2018 11
46953 2018 10
46953 2018 09
46953 2018 08
46953 2018 07
46953 2018 06
46953 2018 05
46953 2018 04
46953 2018 03
46953 2018 02
46953 2018 01
46953 2017 12
46953 2017 11
46953 2017 10
46953 2017 09
46953 2017 08
46953 2017 07
46953 2017 06
46953 2017 05
46953 2017 04
46953 2017 03
46953 2017 02
46953 2017 01
46953 2016 12
46953 2016 11
46953 2016 10
46953 2016 09
46953 2016 08
46953 2016 07
46953 2016 06
46953 2016 05
46953 2016 04
46953 2016 03
46953 2016 02
46953 2016 01
46953 2015 12
46953 2015 11
46953 2015 10
46953 2015 09
46953 2015 08
46953 2015 07
46953 2015 06
46953 2015 05
46953 2015 04
