24 2021 04
24 2021 03
24 2021 02
24 2021 01
24 2020 12
24 2020 11
24 2020 10
24 2020 09
24 2020 08
24 2020 07
24 2020 06
24 2020 05
24 2020 04
24 2020 03
24 2020 02
24 2020 01
24 2019 12
24 2019 11
24 2019 10
24 2019 09
24 2019 08
24 2019 07
24 2019 06
24 2019 05
24 2019 04
24 2019 03
24 2019 02
24 2019 01
24 2018 12
24 2018 11
24 2018 10
24 2018 09
24 2018 08
24 2018 07
24 2018 06
24 2018 05
24 2018 04
24 2018 03
24 2018 02
24 2018 01
24 2017 12
24 2017 11
24 2017 10
24 2017 09
24 2017 08
24 2017 07
24 2017 06
24 2017 05
24 2017 04
24 2017 03
24 2017 02
24 2017 01
24 2016 12
24 2016 11
24 2016 10
24 2016 09
24 2016 08
24 2016 07
24 2016 06
24 2016 05
24 2016 04
24 2016 03
24 2016 02
24 2016 01
24 2015 12
24 2015 11
24 2015 10
24 2015 09
24 2015 08
