110 2021 04
110 2021 03
110 2021 02
110 2021 01
110 2020 12
110 2020 11
110 2020 10
110 2020 09
110 2020 08
110 2020 07
110 2020 06
110 2020 05
110 2020 04
110 2020 03
110 2020 02
110 2020 01
110 2019 12
110 2019 11
110 2019 10
110 2019 09
110 2019 08
110 2019 07
110 2019 06
110 2019 05
110 2019 04
110 2019 03
110 2019 02
110 2019 01
110 2018 12
110 2018 11
110 2018 10
110 2018 09
110 2018 08
110 2018 07
110 2018 06
110 2018 05
110 2018 04
110 2018 03
110 2018 02
110 2018 01
110 2017 12
110 2017 11
110 2017 10
110 2017 09
110 2017 08
110 2017 07
110 2017 06
110 2017 05
110 2017 04
110 2017 03
110 2017 02
110 2017 01
110 2016 12
110 2016 11
110 2016 10
110 2016 09
110 2016 08
110 2016 07
110 2016 06
110 2016 05
110 2016 04
110 2016 03
110 2016 02
110 2016 01
110 2015 12
110 2015 11
110 2015 10
110 2015 09
110 2015 08
110 2015 07
110 2015 06
110 2015 05
110 2015 04
110 2015 03
110 2015 02
110 2015 01
110 2014 12
110 2014 11
110 2014 10
110 2014 09
110 2014 08
110 2014 07
110 2014 06
110 2014 05
110 2014 04
110 2014 03
110 2014 02
110 2014 01
110 2013 12
110 2013 11
110 2013 10
110 2013 09
110 2013 08
110 2013 07
110 2013 06
110 2013 05
110 2013 04
110 2013 03
110 2013 02
110 2013 01
110 2012 12
110 2012 11
110 2012 10
110 2012 09
110 2012 08
110 2012 07
110 2012 06
110 2012 05
