65934 2021 04
65934 2021 03
65934 2021 02
65934 2021 01
65934 2020 12
65934 2020 11
65934 2020 10
65934 2020 09
65934 2020 08
65934 2020 07
65934 2020 06
65934 2020 05
65934 2020 04
65934 2020 03
65934 2020 02
65934 2020 01
65934 2019 12
65934 2019 11
65934 2019 10
65934 2019 09
65934 2019 08
65934 2019 07
65934 2019 06
65934 2019 05
65934 2019 04
65934 2019 03
65934 2019 02
65934 2019 01
65934 2018 12
65934 2018 11
65934 2018 10
65934 2018 09
65934 2018 08
65934 2018 07
65934 2018 06
65934 2018 05
65934 2018 04
65934 2018 03
65934 2018 02
65934 2018 01
65934 2017 12
65934 2017 11
65934 2017 10
65934 2017 09
65934 2017 08
65934 2017 07
65934 2017 06
65934 2017 05
65934 2017 04
65934 2017 03
65934 2017 02
65934 2017 01
65934 2016 12
65934 2016 11
65934 2016 10
65934 2016 09
65934 2016 08
65934 2016 07
65934 2016 06
65934 2016 05
65934 2016 04
65934 2016 03
65934 2016 02
65934 2016 01
65934 2015 12
65934 2015 11
65934 2015 10
65934 2015 09
65934 2015 08
65934 2015 07
65934 2015 06
65934 2015 05
65934 2015 04
65934 2015 03
65934 2015 02
65934 2015 01
65934 2014 12
65934 2014 11
65934 2014 10
65934 2014 09
65934 2014 08
65934 2014 07
65934 2014 06
65934 2014 05
65934 2014 04
65934 2014 03
65934 2014 02
65934 2014 01
65934 2013 12
65934 2013 11
65934 2013 10
65934 2013 09
65934 2013 08
65934 2013 07
65934 2013 01
