106 2021 04
106 2021 03
106 2021 02
106 2021 01
106 2020 12
106 2020 11
106 2020 10
106 2020 09
106 2020 08
106 2020 07
106 2020 06
106 2020 05
106 2020 04
106 2020 03
106 2020 02
106 2020 01
106 2019 12
106 2019 11
106 2019 10
106 2019 09
106 2019 08
106 2019 07
106 2019 06
106 2019 05
106 2019 04
106 2019 03
106 2019 02
106 2019 01
106 2018 12
106 2018 11
106 2018 10
106 2018 09
106 2018 08
106 2018 07
106 2018 06
106 2018 05
106 2018 04
106 2018 03
106 2018 02
106 2018 01
106 2017 12
106 2017 11
106 2017 10
106 2017 09
106 2017 08
106 2017 07
106 2017 06
106 2017 05
106 2017 04
106 2017 03
106 2017 02
106 2017 01
106 2016 12
106 2016 11
106 2016 10
106 2016 09
106 2016 08
106 2016 07
106 2016 06
106 2016 05
106 2016 04
106 2016 03
106 2016 02
106 2016 01
106 2015 12
106 2015 11
106 2015 10
106 2015 09
106 2015 08
106 2015 07
106 2015 06
106 2015 05
106 2015 04
106 2015 03
106 2015 02
106 2015 01
106 2014 12
106 2014 11
106 2014 10
106 2014 09
106 2014 08
106 2014 07
106 2014 06
106 2014 05
106 2014 04
106 2014 03
106 2014 02
106 2014 01
106 2013 12
106 2013 11
106 2013 10
106 2013 09
106 2013 08
106 2013 07
106 2013 06
106 2013 05
106 2013 04
106 2013 03
106 2013 02
106 2013 01
106 2012 12
106 2012 11
106 2012 10
106 2012 09
106 2012 08
106 2012 07
106 2012 06
106 2012 05
106 2012 04
106 2012 03
106 2012 02
